16 50 10
1.400 1.193 0.773 0.727 0.733 0.230 0.673 0.275 0.865 0.069 0.551 0.603 0.409 0.460 0.376 0.753 0.926
1.570 0.775 0.447 0.575 0.571 0.217 0.517 0.085 0.759 0.989 0.996 -0.234 0.915 1.452 0.742 0.859 0.752
1.485 0.989 0.684 0.920 0.315 0.188 0.480 1.116 0.206 0.444 0.915 0.453 0.252 -0.556 0.796 0.594 0.393
0.676 1.079 0.412 0.437 0.444 0.522 0.663 0.479 0.824 0.742 0.459 0.267 0.276 0.440 0.017 1.035 0.890
0.563 0.320 0.541 -0.296 0.816 0.610 0.011 0.302 1.160 0.044 0.554 0.592 1.150 1.014 1.009 0.470 0.574
0.965 1.025 0.491 0.477 0.774 0.368 0.633 1.020 0.997 1.061 0.274 0.397 -0.462 0.782 0.588 0.636 0.549
-0.042 1.000 -0.230 2.561 -0.009 0.440 -0.233 -0.042 0.539 0.329 -0.668 0.377 0.649 0.611 0.199 1.407 0.621
1.158 0.414 -0.133 -0.488 1.537 0.203 0.156 1.311 -0.767 0.967 0.368 0.038 0.035 1.195 0.474 0.595 -0.680
0.551 0.006 -0.015 0.143 0.996 1.139 -0.665 0.772 0.396 1.295 0.432 0.110 0.554 0.419 0.824 -0.111 0.002
1.061 1.043 0.830 0.850 0.167 0.755 0.050 0.343 0.119 0.837 1.044 -0.090 0.519 1.261 0.190 0.599 1.030
0.491 1.225 -0.870 0.525 -0.284 0.946 1.095 0.707 0.846 0.940 -0.654 0.501 1.233 0.801 0.532 1.149 0.779
1.615 0.550 0.235 0.571 0.886 0.435 0.413 0.433 0.479 0.010 0.518 0.436 0.558 0.728 0.553 0.317 0.347
1.831 -0.038 0.617 2.598 0.943 0.716 0.396 0.130 -0.399 0.113 0.494 0.368 -0.002 0.318 0.177 0.507 0.419
1.586 0.187 0.614 -0.032 0.729 0.627 -0.318 -0.609 0.559 0.652 0.548 -0.588 0.680 2.730 0.703 -0.169 0.820
0.820 0.699 1.935 -0.613 -0.189 1.172 -0.347 0.285 0.557 1.457 0.966 0.419 0.613 0.235 0.662 1.275 0.792
1.460 0.246 0.209 -0.528 -0.035 0.892 0.546 0.882 0.426 0.259 0.717 1.139 0.192 0.776 0.160 1.078 0.641
1.230 0.295 1.004 -0.414 0.202 0.812 0.219 0.048 1.216 0.533 1.141 0.782 0.684 0.461 -0.166 1.067 0.428
1.322 0.706 0.094 1.239 0.375 0.153 1.016 0.251 0.863 -0.377 0.382 0.615 0.415 0.243 0.669 0.234 1.080
1.202 0.396 0.139 0.719 0.102 0.406 0.167 0.746 1.036 0.238 0.405 0.288 0.654 0.872 0.951 0.447 0.758
1.180 0.381 0.472 1.966 -0.122 0.671 -0.856 0.319 -0.030 -0.124 1.452 0.165 0.729 0.153 0.743 1.369 0.501
2.011 0.447 0.889 1.071 0.586 0.370 0.248 0.788 0.551 0.176 0.977 0.407 0.538 -0.201 1.044 0.554 0.700
1.643 1.181 -0.158 1.257 1.353 0.561 0.424 0.340 0.676 0.635 0.610 -0.343 0.523 -0.103 0.354 1.293 1.031
1.981 1.800 1.409 1.025 0.367 -0.125 -0.127 -0.036 -0.563 1.152 0.122 0.125 0.757 0.576 -0.224 0.893 0.682
1.899 0.516 0.360 0.695 0.785 0.372 0.262 0.532 0.737 0.082 0.860 0.700 0.387 0.079 0.807 0.631 0.464
1.773 0.406 0.833 0.042 0.248 0.860 0.704 0.055 0.291 0.811 0.929 0.172 0.723 0.676 0.609 0.654 0.305
0.936 0.760 1.622 0.117 1.429 -0.758 1.216 1.119 -0.060 -0.720 0.846 0.310 0.725 1.535 0.178 1.595 0.332
0.228 0.672 0.094 -0.283 1.396 0.211 1.188 0.665 0.316 0.732 0.844 0.493 0.702 0.700 0.370 0.838 1.170
1.478 1.132 0.278 1.376 0.496 0.366 0.771 -0.443 0.299 1.147 1.282 0.483 -0.600 0.558 0.160 -0.600 -0.382
0.147 0.938 0.052 -0.356 0.415 0.830 -0.380 0.204 0.945 0.233 -0.269 0.437 0.946 1.708 0.288 0.380 0.353
0.908 0.709 0.741 1.183 0.863 0.893 -0.359 0.115 0.484 0.696 0.550 -0.347 1.124 1.539 0.389 1.209 1.375
0.860 0.318 0.919 -0.125 0.430 1.793 0.120 0.548 0.881 0.525 0.916 0.020 0.985 0.725 0.734 0.874 0.232
1.620 0.540 0.805 0.350 0.770 0.284 1.263 0.884 0.006 0.687 1.172 0.303 0.273 -0.552 0.580 0.245 0.933
1.451 0.218 0.388 -0.088 0.577 0.528 0.083 0.611 0.911 -0.019 1.007 0.091 0.513 0.827 0.608 0.791 0.736
1.610 0.138 0.222 0.949 -0.130 0.276 1.380 -0.013 1.219 -0.326 -0.010 0.500 0.889 -0.004 0.133 0.467 2.214
1.665 0.966 -0.205 0.327 0.331 0.738 0.206 1.115 0.623 0.976 0.498 0.398 0.725 0.604 0.272 0.641 0.030
-0.092 0.300 0.607 -1.034 0.493 -0.394 0.355 0.279 -0.609 -0.650 1.381 -0.677 0.335 0.432 0.001 0.615 -0.710
0.959 -0.033 0.263 0.070 1.397 0.331 0.903 0.279 -0.094 0.205 1.694 0.805 0.463 0.161 0.930 0.485 0.878
1.607 0.772 0.375 0.608 0.689 0.436 0.095 0.150 0.590 0.765 0.752 0.665 0.247 0.770 0.963 0.149 0.593
0.735 0.314 1.408 -0.310 0.584 0.405 0.707 0.512 0.497 1.228 -0.465 1.174 -0.006 0.261 0.603 0.793 0.734
0.641 -0.182 -0.172 1.154 -0.312 0.870 0.578 0.322 1.804 0.653 0.486 0.223 -0.182 0.411 0.028 0.250 1.927
1.864 0.911 -0.236 1.249 0.521 -0.030 -0.305 0.036 0.550 1.160 0.686 0.473 -0.223 0.641 -0.001 -0.120 0.142
3.457 0.438 0.170 3.819 -0.045 -0.311 -0.363 -0.213 -0.384 0.317 -0.583 0.084 -0.169 0.022 1.121 -0.119 1.204
1.082 0.187 -0.048 0.508 0.739 0.312 -0.014 1.329 0.529 0.235 0.128 -0.242 0.543 0.752 0.937 1.276 -0.381
1.042 0.908 -0.227 1.235 -0.481 0.502 -0.102 -0.834 0.976 0.250 0.516 0.038 1.330 1.265 1.115 1.136 0.414
2.021 0.921 0.490 1.223 -0.046 0.171 1.459 0.252 1.154 0.986 -0.188 0.689 0.699 0.160 0.233 0.507 1.893
0.754 0.541 0.378 -0.820 0.510 0.843 -0.589 0.752 0.407 0.686 0.355 0.682 0.791 1.230 1.029 0.540 1.181
1.757 0.557 0.618 -0.203 0.367 0.662 1.150 0.643 0.254 1.169 0.832 0.359 0.642 0.650 0.501 0.581 0.091
0.718 0.270 0.371 -0.661 1.170 -0.207 0.476 0.039 -0.303 1.001 0.616 0.202 0.894 0.581 0.735 0.416 0.612
1.636 0.840 0.523 0.827 -0.040 0.284 0.312 0.068 0.553 0.140 0.986 0.199 1.204 0.347 1.191 0.598 0.641
0.001 0.630 -0.175 1.477 -0.455 0.545 -0.293 -0.113 0.642 -0.311 -0.902 0.045 0.909 1.789 0.225 1.251 0.787
3.340 0.624 0.758 0.192 -0.503 -0.630 -0.578 1.487 -1.224 -0.777 0.644 -1.195 0.209 2.207 -0.858 -1.001 -0.967 -1.165 0.710 -0.043 1.196 0.776 1.110 0.974 0.177 0.186 0.032 -0.518 1.071 -0.771 0.278 -0.349 0.302 -0.281 1.146 -0.330 -2.687 -0.274 0.230 -1.072 0.270 1.172 3.707 -0.469 0.250 0.897 -1.072 -0.400 -0.472 0.614 -0.098
2.724 -0.267 0.547 0.641 0.237 -0.372 0.809 0.184 0.317 -0.004 -0.638 -0.610 -0.073 -0.098 -0.193 -0.195 -0.099 0.391 -0.090 -0.078 -0.053 0.442 0.496 -0.070 0.336 -0.467 0.448 -0.337 0.522 -0.433 -0.560 -0.676 -0.342 -0.019 -0.555 0.434 0.620 -0.167 0.354 0.326 0.114 0.637 -0.809 0.974 0.012 0.168 -0.466 -0.289 0.279 0.038 -0.491
1.856 -0.034 -1.150 -0.272 -0.262 0.548 -0.569 -0.963 0.563 -0.458 -1.160 -0.152 0.248 -0.842 -1.329 2.033 -0.091 1.061 0.857 0.112 -1.784 -0.435 0.311 0.731 0.080 -0.003 1.937 -1.518 0.723 0.229 -1.094 0.797 -0.892 0.332 1.824 0.969 0.953 -1.544 0.165 0.046 0.683 0.775 -1.044 0.559 -1.743 1.510 0.250 0.455 -0.236 -0.636 -0.767
1.789 -0.581 0.193 -0.463 -0.450 0.241 0.098 -1.077 0.401 0.252 0.126 0.141 -0.285 -0.265 0.158 -0.465 -0.157 -0.133 -0.154 -0.593 -0.748 0.166 0.273 -0.394 0.225 -0.380 -0.675 0.442 -0.112 -0.294 -0.489 -0.415 0.523 -0.375 0.115 0.069 -0.047 -0.082 -0.034 -0.118 0.086 -0.143 -0.308 -0.030 0.178 0.540 0.220 0.339 0.999 -0.486 -0.468
1.858 -0.305 0.407 0.045 -0.504 0.081 0.232 -1.213 -0.031 0.149 -0.319 -1.085 0.312 0.190 0.169 -0.162 -0.441 0.367 -0.371 0.202 0.398 0.776 -0.111 0.264 0.579 0.540 -0.719 -0.411 -0.725 0.151 -0.514 -0.017 -0.521 0.327 -0.036 0.457 0.384 0.012 0.476 -0.674 0.015 -0.149 -0.852 -0.113 0.433 0.085 -0.658 0.141 -0.299 0.831 -0.304
1.832 0.170 0.319 1.267 -0.080 0.246 -0.282 1.287 -1.914 -1.184 -0.696 2.269 0.033 -0.411 1.804 -0.505 0.715 0.250 0.123 -0.547 -0.591 1.068 1.266 -2.234 0.822 -0.090 -1.933 -0.134 -1.468 1.380 1.328 -0.897 1.661 -0.059 -0.667 0.244 0.631 -0.075 -0.281 -1.019 -2.088 -1.009 -2.533 -0.132 0.964 -1.647 1.054 0.537 -0.621 -0.475 2.159
3.817 0.224 0.006 -0.474 0.453 -0.282 0.583 -0.577 -0.154 0.424 0.577 -0.628 -0.428 -0.311 1.147 0.144 0.411 0.639 -0.854 -0.142 -0.842 -0.458 -0.743 0.012 -0.680 0.944 -0.914 -0.451 0.870 -0.007 0.327 0.442 0.627 0.328 -0.746 -0.335 0.175 0.228 0.255 0.384 -0.224 0.204 -0.463 -1.172 -0.651 0.295 0.667 0.574 0.527 -0.409 -0.430
2.419 -0.413 0.059 -0.646 -0.221 0.393 -0.276 -0.759 -0.031 -0.240 -0.710 -0.019 0.231 0.042 -0.255 -0.333 -0.543 0.098 -0.352 -0.705 -0.700 -0.050 0.330 -0.491 0.149 -0.371 0.406 0.463 -0.297 -0.448 -0.226 -0.746 -0.263 0.345 -0.153 -0.252 0.561 1.300 0.077 0.192 -0.711 0.282 -0.685 0.121 -0.006 -0.226 -0.525 -0.367 1.064 0.212 -0.658
2.855 -0.320 0.462 0.045 0.112 0.039 0.497 -0.297 -0.172 -0.320 0.103 0.078 -0.218 -0.571 -0.375 -0.125 0.438 -0.416 -0.344 -0.257 -0.517 -0.020 0.182 0.462 -0.440 0.228 0.232 -0.359 -0.411 0.153 -0.577 0.144 0.173 -0.034 -0.284 -0.421 -0.473 -0.255 0.181 -0.501 -0.261 -0.368 0.136 0.276 0.029 0.086 0.240 0.546 -0.149 -0.159 -0.584
3.504 0.339 0.194 0.365 -0.128 -0.315 0.243 -0.182 -0.328 -0.533 -0.022 -0.494 0.218 -0.520 0.325 -0.392 0.333 0.099 0.125 -0.001 0.110 0.220 0.021 0.357 0.354 -0.071 0.266 0.218 -0.016 -0.370 0.003 -0.312 0.105 -0.035 -0.001 0.270 -0.544 -0.395 0.084 -0.486 -0.295 0.399 0.052 -0.103 -0.497 -0.244 -0.088 0.457 -0.204 0.393 -0.610
